%YAML:1.0
---
calibration_time: "2018年09月29日 星期六 17时39分41秒"
image_width: 1920
image_height: 1080
camera_matrix_gun: !!opencv-matrix
   rows: 3
   cols: 3
   dt: d
   data: [ 1.4481051389356001e+03, 0., 9.5186323401970003e+02, 0.,
       1.4467444798373999e+03, 5.8556508669870004e+02, 0., 0., 1. ]
distortion_coefficients_gun: !!opencv-matrix
   rows: 5
   cols: 1
   dt: d
   data: [ -3.3252319429999999e-01, 1.8028147370000000e-01,
       1.3246849999999999e-04, 1.0330140000000001e-04,
       -6.7095595199999997e-02 ]
camera_matrix_ball: !!opencv-matrix
   rows: 3
   cols: 3
   dt: d
   data: [ 1.7962317019133500e+03, 0., 9.4449690317323098e+02, 0.,
       1.7958556284573201e+03, 5.5320806776943004e+02, 0., 0., 1. ]
distortion_coefficients_ball: !!opencv-matrix
   rows: 5
   cols: 1
   dt: d
   data: [ -2.0439843528599999e-01, 2.3553989803399999e-01,
       1.0806130970000001e-03, 1.8791079830000001e-03,
       -1.7430630589800000e-01 ]
homography: !!opencv-matrix
   rows: 3
   cols: 3
   dt: d
   data: [ 7.4197858355670754e-01, -2.3222021404654111e-02,
       4.0274792615775181e+02, -1.1414072243019396e-01,
       8.5002694937055323e-01, 1.8635664383393291e+02,
       -9.5667905754449217e-05, -7.4582341213176215e-05,
       9.9999999999999989e-01 ]
ballPanPos: 834
ballTiltPos: 13720
ballZoomPos: 16
