%YAML:1.0
---
calibration_time: "2018年09月04日 星期二 19时25分08秒"
image_width: 1920
image_height: 1080
board_width: 14
board_height: 9
square_size: 1.
aspectRatio: 1.
flags: 2
camera_matrix: !!opencv-matrix
   rows: 3
   cols: 3
   dt: d
   data: [ 3.21717117547465e+03, 0., 1.0590661313679630e+03, 0.,
       1.7407937898891389e+03, 5.7103381291676294e+02, 0., 0., 1. ]
distortion_coefficients: !!opencv-matrix
   rows: 5
   cols: 1
   dt: d
   data: [ -2.5827903305804989e-01, 2.0910071702355819e+00,
       -2.7180900516177334e-02, 8.0762101437045319e-04,
       -9.1721910686511769e+00 ]
avg_reprojection_error: 6.7336701616307404e-01
