%YAML:1.0
---
calibration_time: "2018年08月17日 星期五 15时48分04秒"
image_width: 1920
image_height: 1080
camera_matrix_gun: !!opencv-matrix
   rows: 3
   cols: 3
   dt: d
   data: [ 5.9401648035624464e+02, 0., 6.3039838426489064e+02, 0.,
       5.9401648035624464e+02, 3.8623620532242796e+02, 0., 0., 1. ]
distortion_coefficients_gun: !!opencv-matrix
   rows: 5
   cols: 1
   dt: d
   data: [ -3.0287846466055768e-01, 8.8864232549459618e-02,
       4.1724917684938232e-04, -7.5035706364845922e-04,
       -1.0993873619289692e-02 ]
camera_matrix_ball: !!opencv-matrix
   rows: 3
   cols: 3
   dt: d
   data: [ 1.6440223924434088e+03, 0., 1.0180548034245838e+03, 0.,
       1.6440223924434088e+03, 5.4921569694083234e+02, 0., 0., 1. ]
distortion_coefficients_ball: !!opencv-matrix
   rows: 5
   cols: 1
   dt: d
   data: [ -1.7692118703720350e-01, -4.5465521931703633e-02,
       -3.8160302171491764e-03, -7.8746194945454779e-04,
       5.4921654380819106e-02 ]
homography: !!opencv-matrix
   rows: 3
   cols: 3
   dt: d
   data: [ 1.0229660324020153e+00, -1.1558888445240931e-01,
       -3.3630399202397001e+01, 2.3452713921211909e-02,
       1.0479116275274001e+00, -1.5139520178109061e+02,
       -1.7103761177388422e-05, -4.0350469323042457e-05, 1. ]
ballPanPos: 611
ballTiltPos: 256
ballZoomPos: 16
