%YAML:1.0
---
calibration_time: "2018年08月17日 星期五 09时34分04秒"
image_width: 640
image_height: 480
camera_matrix_gun: !!opencv-matrix
   rows: 3
   cols: 3
   dt: d
   data: [ 4.0560208502581048e+02, 0., 3.1273401571057786e+02, 0.,
       4.0560208502581048e+02, 2.5705507120657182e+02, 0., 0., 1. ]
distortion_coefficients_gun: !!opencv-matrix
   rows: 5
   cols: 1
   dt: d
   data: [ -3.6092855585272171e-01, 1.7829439658706250e-01,
       2.0774557270135692e-04, -1.1088614766960397e-03,
       -4.8653393666126511e-02 ]
camera_matrix_ball: !!opencv-matrix
   rows: 3
   cols: 3
   dt: d
   data: [ 8.4041730431011308e+02, 0., 3.0104977582697489e+02, 0.,
       8.4041730431011308e+02, 2.5601368096710797e+02, 0., 0., 1. ]
distortion_coefficients_ball: !!opencv-matrix
   rows: 5
   cols: 1
   dt: d
   data: [ -1.6971977881115993e-01, 8.9029393563244685e-03,
       -4.4765282099841399e-03, -7.1373604302294915e-03,
       -2.7360563005020908e-02 ]
homography: !!opencv-matrix
   rows: 3
   cols: 3
   dt: d
   data: [ 1.0846327381617848e+00, 7.0505373806504235e-02,
       -3.6485450817396639e+01, 1.1279912283354433e-03,
       1.0318207644409014e+00, -5.1669675091712605e+01,
       4.2487087619134572e-05, 6.7654575038588686e-05, 1. ]
