%YAML:1.0
---
calibration_time: "2018年09月27日 星期四 16时40分21秒"
image_width: 1920
image_height: 1080
camera_matrix_gun: !!opencv-matrix
   rows: 3
   cols: 3
   dt: d
   data: [ 1.4481051389355500e+03, 0., 9.5186323401972504e+02, 0.,
       1.4467444798373699e+03, 5.8556508669871005e+02, 0., 0., 1. ]
distortion_coefficients_gun: !!opencv-matrix
   rows: 5
   cols: 1
   dt: d
   data: [ -3.3252319427299998e-01, 1.8028147373699999e-01,
       1.3246846499999999e-04, 1.0330138599999999e-04,
       -6.7095595169000002e-02 ]
camera_matrix_ball: !!opencv-matrix
   rows: 3
   cols: 3
   dt: d
   data: [ 3.2171711754746502e+03, 0., 9.4108971612127698e+02, 0.,
       3.2134323216132402e+03, 5.7465927356931695e+02, 0., 0., 1. ]
distortion_coefficients_ball: !!opencv-matrix
   rows: 5
   cols: 1
   dt: d
   data: [ 7.1596022795999997e-02, 5.8376251620999997e-01,
       -1.0586173200000000e-03, 2.4851394150000000e-03,
       -9.2982434019500004e-01 ]
homography: !!opencv-matrix
   rows: 3
   cols: 3
   dt: d
   data: [ 5.1509441511521459e-01, 1.2849706700474905e-01,
       5.4521361471208593e+02, -5.4678418074117885e-02,
       5.6960790971509256e-01, 4.0957672943974734e+02,
       -3.8307613666618827e-05, 7.9303977495376928e-05, 1. ]
ballPanPos: 278
ballTiltPos: 13666
ballZoomPos: 16
