%YAML:1.0
---
calibration_time: "2018年08月17日 星期五 09时48分00秒"
image_width: 1280
image_height: 720
board_width: 12
board_height: 9
square_size: 1.
aspectRatio: 1.
flags: 2
camera_matrix: !!opencv-matrix
   rows: 3
   cols: 3
   dt: d
   data: [ 5.9401648035624464e+02, 0., 6.3039838426489064e+02, 0.,
       5.9401648035624464e+02, 3.8623620532242796e+02, 0., 0., 1. ]
distortion_coefficients: !!opencv-matrix
   rows: 5
   cols: 1
   dt: d
   data: [ -3.0287846466055768e-01, 8.8864232549459618e-02,
       4.1724917684938232e-04, -7.5035706364845922e-04,
       -1.0993873619289692e-02 ]
avg_reprojection_error: 1.4665565409381287e+00
